0,3.03409473269642,4.3389399923939,3.77575571946335,4.17896444672556,4.48275203209089,3.86799439984469,3.03871686521474,5.37632390331053,3.96391874516755,3.07843020732444,3.47368474068346,3.57182995636175,2.89253747609551,4.57683737149301,5.68540880310064,3.1104115732808,3.39165427910823,6.24857999556123,4.43664342334505,7.05040732845703,4.79853769221784,5.15687731599676,3.85431359270413,4.81367670642381,5.67265071039776,4.91570141768032,7.76874020470068,5.66334185771354,6.03153103620305
3.03409473269642,0,3.80649988184604,2.32622942615771,2.55801221387169,2.99310620135567,1.53785456662479,1.51520216892091,3.46074139567218,2.84648806936231,2.27745366725488,2.53311165613166,2.66229852093572,3.46906628879421,3.84883213225393,3.85990880487944,2.02926597829252,3.60951976337838,4.79734726035007,4.12093902974033,5.61450969346293,3.43850737283913,3.90628332884868,3.44270928384871,4.53543369172366,4.784122220005,3.80793092743035,7.11321598195813,4.92373445963369,5.49322846849278
4.3389399923939,3.80649988184604,0,5.13692810771144,6.07794064878615,4.02293304664099,4.39251000594092,3.41188295252626,2.6502510266882,2.63852747261921,3.34487338972344,3.62175076759044,4.33501300465987,4.33482665966739,4.32031622260853,5.55374721551862,4.63708182733973,4.48320930790649,4.24077623884353,4.49212225967267,6.20774907233084,4.64448871355292,4.90207461054708,4.20313396000946,5.19385904254734,5.71349942783098,5.00406168228395,7.40623145118312,6.18766386373909,5.67659426095086
3.77575571946335,2.32622942615771,5.13692810771144,0,3.45605298887759,4.24686452719605,1.58955139070233,3.10108890630268,4.14660175304432,4.20861807976265,3.33442163378868,3.15614829422158,2.23427435217178,3.29974983613565,3.33951375200476,3.04442371515163,2.74033384690114,3.58224101623174,4.93569287753722,3.8995264081675,5.71456120671149,3.66803521932949,3.9703082563513,3.57040539362735,4.29357464293343,4.38660616436489,4.04773759107034,6.18824280824162,4.41257955500917,5.5079926821513
4.17896444672556,2.55801221387169,6.07794064878615,3.45605298887759,0,3.78813301039143,2.8267168124343,3.18729928924719,5.51556049318067,4.7134310200926,3.99055081516837,4.08382417350456,4.0025693349814,4.8643101626359,5.49091863932548,4.71134941828337,3.01865892407605,4.42925280774219,6.48738105951965,5.36631945980489,6.36281799640494,4.40217937077809,5.05339033735988,4.79015709536437,5.57097093909354,5.5985743957721,4.53200540275022,8.04841874596357,5.57871449936844,6.43671407818454
4.48275203209089,2.99310620135567,4.02293304664099,4.24686452719605,3.78813301039143,0,2.90073006442184,2.20494407757575,3.58961796547274,2.27692095760464,2.68143822688146,2.00267300106833,3.5071200746389,4.28970108470114,3.96044204558284,4.95390233946188,3.5832861776249,3.36625084644442,4.59726944139276,4.06777337198657,3.67729420924684,2.85890900317996,3.14718343366714,3.38401541777601,4.25462574787105,3.7544190605076,3.36976912840668,6.23081898185809,4.24397123805851,4.24521811550064
3.86799439984469,1.53785456662479,4.39251000594092,1.58955139070233,2.8267168124343,2.90073006442184,0,2.09977964968119,3.20661556559292,3.1927727249222,2.62460414449524,2.40049689793658,2.04491726222137,3.43764158358588,3.14069663299284,2.75683675218017,2.39258813013983,3.15290070547645,4.17456532692954,3.48933260498072,4.80729739566662,2.79760901500239,3.33502594195693,3.19079125715545,3.9771370387981,3.9431901776865,3.27400052712393,6.01363822197103,4.10850036910746,4.9109300112124
3.03871686521474,1.51520216892091,3.41188295252626,3.10108890630268,3.18729928924719,2.20494407757575,2.09977964968119,0,3.4353198908196,1.6283545349383,0.987872453641885,1.59821929162394,2.25766732365835,2.84429766342596,3.15502433458838,4.26730461683603,1.65667759250363,3.06940114336135,4.14767059657177,3.34158400952347,4.65508150196308,2.44240205973215,2.89782264468925,2.39858143299688,3.50930875801303,3.87025900767776,2.80364703177947,6.30785850287925,3.99463871861337,4.25986288823818
5.37632390331053,3.46074139567218,2.6502510266882,4.14660175304432,5.51556049318067,3.58961796547274,3.20661556559292,3.4353198908196,0,3.01910056997452,3.59323737403026,3.44856532445026,3.68710034948132,4.6193860067376,3.63625876008878,3.7565353339663,4.49400373160763,4.35709493243205,2.98380773132701,4.06642066562375,5.09735846299081,3.78252002883268,4.13955123988793,4.08353865233349,4.85753181840079,4.82788263229392,4.30716856581845,6.2992275932503,5.41254383561825,5.25662506678989
3.96391874516755,2.84648806936231,2.63852747261921,4.20861807976265,4.7134310200926,2.27692095760464,3.1927727249222,1.6283545349383,3.01910056997452,0,1.41377166401058,1.70546401826589,3.00567761863164,3.35035630066476,3.02433355599708,4.98357047877755,2.9757021459123,3.63250894066308,3.57032259125341,3.45882922043198,4.09505160417357,2.61109131923521,2.67365148460659,2.50865718617756,3.5478712061311,3.77874056919204,3.09714214285131,5.98904039984896,4.08031887518326,3.79029028147216
3.07843020732444,2.27745366725488,3.34487338972344,3.33442163378868,3.99055081516837,2.68143822688146,2.62460414449524,0.987872453641885,3.59323737403026,1.41377166401058,0,1.44033292376636,1.96678689301691,2.19172658156638,2.5459674812769,4.48264304701526,1.71581955875738,2.95908307175836,3.80957383984254,2.85744058337694,4.4578904509162,2.14552428979356,2.43048857577687,1.63802807314211,2.81021199759449,3.40956855375626,2.4678142439888,5.74399166372744,3.48246181247163,3.60608844420274
3.47368474068346,2.53311165613166,3.62175076759044,3.15614829422158,4.08382417350456,2.00267300106833,2.40049689793658,1.59821929162394,3.44856532445026,1.70546401826589,1.44033292376636,0,2.19686100519525,2.71125082823399,2.45986335741665,4.5631878962575,2.60607688722981,2.74866109952081,4.06377519861032,3.10351842654598,3.70594870042555,2.24031096189078,2.11695705120372,1.94966067521291,3.08876811051755,2.87649647422574,2.84523341398557,5.34680711841809,3.22531961356702,3.5124593527581
3.57182995636175,2.66229852093572,4.33501300465987,2.23427435217178,4.0025693349814,3.5071200746389,2.04491726222137,2.25766732365835,3.68710034948132,3.00567761863164,1.96678689301691,2.19686100519525,0,1.68946704890368,1.74834266689996,3.08123619980032,1.95992564541613,2.29319995724085,3.49342602007015,1.93272082333604,4.60390918589196,1.88779749799767,2.533498903342,1.57621448193053,2.18132935677004,2.86990525370338,2.1039346517695,4.7659229786404,2.87883804720791,3.53970580532687
2.89253747609551,3.46906628879421,4.33482665966739,3.29974983613565,4.8643101626359,4.28970108470114,3.43764158358588,2.84429766342596,4.6193860067376,3.35035630066476,2.19172658156638,2.71125082823399,1.68946704890368,0,2.37551536401348,4.51378937663223,2.46201856462963,2.43089145428287,4.36474071622933,2.30720214096157,5.49805416144635,2.92874373838657,3.28787122183867,1.58697871090915,2.27894239504038,3.4988662604616,2.90544719174255,5.26868388731839,3.44765558388427,3.73812616302532
4.57683737149301,3.84883213225393,4.32031622260853,3.33951375200476,5.49091863932548,3.96044204558284,3.14069663299284,3.15502433458838,3.63625876008878,3.02433355599708,2.5459674812769,2.45986335741665,1.74834266689996,2.37551536401348,0,3.73313027195114,3.26980483460721,3.02500323884012,2.67925569973612,1.7711726135827,3.89680346420139,2.13722671132523,2.16473839826784,1.81968772042739,1.86115421278365,2.46785643798697,2.56769571153121,3.61215458539474,2.49320992239653,2.84366643122676
5.68540880310064,3.85990880487944,5.55374721551862,3.04442371515163,4.71134941828337,4.95390233946188,2.75683675218017,4.26730461683603,3.7565353339663,4.98357047877755,4.48264304701526,4.5631878962575,3.08123619980032,4.51378937663223,3.73313027195114,0,4.12522051909979,4.07362548257835,3.67951922399039,3.54490417452231,5.87604018857523,3.79332157260384,4.69760257889622,4.45186614738569,4.47896627579326,4.88455821005454,3.97154580205529,5.70950012947208,4.93674940708074,5.61569163413722
3.1104115732808,2.02926597829252,4.63708182733973,2.74033384690114,3.01865892407605,3.5832861776249,2.39258813013983,1.65667759250363,4.49400373160763,2.9757021459123,1.71581955875738,2.60607688722981,1.95992564541613,2.46201856462963,3.26980483460721,4.12522051909979,0,3.42927940592295,4.59332480895218,3.40406033708667,5.29786736469151,2.62185189972781,3.15006942992436,2.41845709147435,3.27392523045829,3.98169954840147,2.6889175335331,6.28558813093253,3.7591229596745,4.44350558686194
3.39165427910823,3.60951976337838,4.48320930790649,3.58224101623174,4.42925280774219,3.36625084644442,3.15290070547645,3.06940114336135,4.35709493243205,3.63250894066308,2.95908307175836,2.74866109952081,2.29319995724085,2.43089145428287,3.02500323884012,4.07362548257835,3.42927940592295,0,4.4864035665446,2.14295740482216,5.11033540071932,3.00664216075799,3.77609719177453,2.63039333086842,2.9228346701922,3.56270239473329,3.06303637330412,5.21986440917476,3.80149172701071,3.95224748804722
6.24857999556123,4.79734726035007,4.24077623884353,4.93569287753722,6.48738105951965,4.59726944139276,4.17456532692954,4.14767059657177,2.98380773132701,3.57032259125341,3.80957383984254,4.06377519861032,3.49342602007015,4.36474071622933,2.67925569973612,3.67951922399039,4.59332480895218,4.4864035665446,0,2.84833822838304,4.36192347398387,3.00192348014082,3.49552386137116,3.59252062927194,3.40050870847874,3.98342836713433,3.27380757354775,4.37671030731299,4.16692690480893,3.75412336835072
4.43664342334505,4.12093902974033,4.49212225967267,3.8995264081675,5.36631945980489,4.06777337198657,3.48933260498072,3.34158400952347,4.06642066562375,3.45882922043198,2.85744058337694,3.10351842654598,1.93272082333604,2.30720214096157,1.7711726135827,3.54490417452231,3.40406033708667,2.14295740482216,2.84833822838304,0,4.59059197009521,2.28010489212519,3.11349800412624,2.13177095197434,1.58088867549731,3.05144962081435,2.25011434202893,3.94064401047398,3.00098878115756,2.95385405947515
7.05040732845703,5.61450969346293,6.20774907233084,5.71456120671149,6.36281799640494,3.67729420924684,4.80729739566662,4.65508150196308,5.09735846299081,4.09505160417357,4.4578904509162,3.70594870042555,4.60390918589196,5.49805416144635,3.89680346420139,5.87604018857523,5.29786736469151,5.11033540071932,4.36192347398387,4.59059197009521,0,3.15445590518203,2.51034791952273,4.08016384430725,4.04970685142137,2.60560480361634,3.71392495275836,3.97616443467012,2.97266204248533,2.952080716347
4.79853769221784,3.43850737283913,4.64448871355292,3.66803521932949,4.40217937077809,2.85890900317996,2.79760901500239,2.44240205973215,3.78252002883268,2.61109131923521,2.14552428979356,2.24031096189078,1.88779749799767,2.92874373838657,2.13722671132523,3.79332157260384,2.62185189972781,3.00664216075799,3.00192348014082,2.28010489212519,3.15445590518203,0,1.40793208534403,1.62427821022293,1.88662246690604,1.93517464000379,0.831560109229223,4.19492113345948,2.06958439317994,2.30193601289625
5.15687731599676,3.90628332884868,4.90207461054708,3.9703082563513,5.05339033735988,3.14718343366714,3.33502594195693,2.89782264468925,4.13955123988793,2.67365148460659,2.43048857577687,2.11695705120372,2.533498903342,3.28787122183867,2.16473839826784,4.69760257889622,3.15006942992436,3.77609719177453,3.49552386137116,3.11349800412624,2.51034791952273,1.40793208534403,0,1.8366829289162,2.31626829398783,1.49264724489709,2.02092164216702,4.00130630152554,1.73751595948587,2.13753800543123
3.85431359270413,3.44270928384871,4.20313396000946,3.57040539362735,4.79015709536437,3.38401541777601,3.19079125715545,2.39858143299688,4.08353865233349,2.50865718617756,1.63802807314211,1.94966067521291,1.57621448193053,1.58697871090915,1.81968772042739,4.45186614738569,2.41845709147435,2.63039333086842,3.59252062927194,2.13177095197434,4.08016384430725,1.62427821022293,1.8366829289162,0,1.53580821739824,2.21948145268162,1.76005457824589,4.48199509430998,2.36577310456647,2.43970990773275
4.81367670642381,4.53543369172366,5.19385904254734,4.29357464293343,5.57097093909354,4.25462574787105,3.9771370387981,3.50930875801303,4.85753181840079,3.5478712061311,2.81021199759449,3.08876811051755,2.18132935677004,2.27894239504038,1.86115421278365,4.47896627579326,3.27392523045829,2.9228346701922,3.40050870847874,1.58088867549731,4.04970685142137,1.88662246690604,2.31626829398783,1.53580821739824,0,2.15430502219352,1.70794779649246,3.4503783614356,1.82533176068799,1.83879701801019
5.67265071039776,4.784122220005,5.71349942783098,4.38660616436489,5.5985743957721,3.7544190605076,3.9431901776865,3.87025900767776,4.82788263229392,3.77874056919204,3.40956855375626,2.87649647422574,2.86990525370338,3.4988662604616,2.46785643798697,4.88455821005454,3.98169954840147,3.56270239473329,3.98342836713433,3.05144962081435,2.60560480361634,1.93517464000379,1.49264724489709,2.21948145268162,2.15430502219352,0,2.25140135007537,3.06412001838089,1.19300956053429,1.69425508853109
4.91570141768032,3.80793092743035,5.00406168228395,4.04773759107034,4.53200540275022,3.36976912840668,3.27400052712393,2.80364703177947,4.30716856581845,3.09714214285131,2.4678142439888,2.84523341398557,2.1039346517695,2.90544719174255,2.56769571153121,3.97154580205529,2.6889175335331,3.06303637330412,3.27380757354775,2.25011434202893,3.71392495275836,0.831560109229223,2.02092164216702,1.76005457824589,1.70794779649246,2.25140135007537,0,4.32242156611465,2.22743271457759,2.29905418976913
7.76874020470068,7.11321598195813,7.40623145118312,6.18824280824162,8.04841874596357,6.23081898185809,6.01363822197103,6.30785850287925,6.2992275932503,5.98904039984896,5.74399166372744,5.34680711841809,4.7659229786404,5.26868388731839,3.61215458539474,5.70950012947208,6.28558813093253,5.21986440917476,4.37671030731299,3.94064401047398,3.97616443467012,4.19492113345948,4.00130630152554,4.48199509430998,3.4503783614356,3.06412001838089,4.32242156611465,0,3.00560708494368,3.07183071246017
5.66334185771354,4.92373445963369,6.18766386373909,4.41257955500917,5.57871449936844,4.24397123805851,4.10850036910746,3.99463871861337,5.41254383561825,4.08031887518326,3.48246181247163,3.22531961356702,2.87883804720791,3.44765558388427,2.49320992239653,4.93674940708074,3.7591229596745,3.80149172701071,4.16692690480893,3.00098878115756,2.97266204248533,2.06958439317994,1.73751595948587,2.36577310456647,1.82533176068799,1.19300956053429,2.22743271457759,3.00560708494368,0,1.82626948302743
6.03153103620305,5.49322846849278,5.67659426095086,5.5079926821513,6.43671407818454,4.24521811550064,4.9109300112124,4.25986288823818,5.25662506678989,3.79029028147216,3.60608844420274,3.5124593527581,3.53970580532687,3.73812616302532,2.84366643122676,5.61569163413722,4.44350558686194,3.95224748804722,3.75412336835072,2.95385405947515,2.952080716347,2.30193601289625,2.13753800543123,2.43970990773275,1.83879701801019,1.69425508853109,2.29905418976913,3.07183071246017,1.82626948302743,0
